0
0
0
0
0
0
0
0
0
0
0
0
0
0
0
0
0
0
0
0
0
0
0
0
0
0
0
0
0
0
0
0
0
0
0
0
0
0
0
0
0
0
0
0
0
0
0
0
0
0
0
65536
0
0
1
131073
131072
1
1
131072
131072
0
0
65536
65536
0
131072
131072
65536
0
131072
131072
0
0
0
65536
0
0
0
0
0
0
0
0
0
0
0
0
0
0
0
0
0
0
0
0
0
0
0
0
0
0
0
0
0
0
0
0
0
0
0
0
0
0
0
0
0
0
0
0
0
0
0
0
0
0
1
131072
0
0
2
196608
65536
0
2
196608
131072
0
0
327680
131072
0
65536
393216
131072
0
65536
393216
196608
0
65536
458752
327680
1
0
458752
327680
0
65536
327680
196608
0
131072
131072
65537
0
131072
65536
0
0
65536
0
0
0
0
0
0
0
0
0
0
0
0
0
0
0
0
0
0
0
0
0
0
0
0
0
0
0
0
0
0
0
0
0
0
0
0
0
0
0
0
0
0
0
0
0
0
0
65536
65536
0
0
2
262144
65536
0
1
327680
196608
0
1
458752
262144
0
1
524288
262144
0
2
458752
327680
0
65539
458752
393216
0
2
524288
458752
0
1
393216
393216
0
1
327680
327680
0
131074
262144
65536
0
131072
131072
65536
0
131072
131072
65536
0
131072
131072
0
0
65536
65536
0
0
0
0
0
0
0
0
0
0
0
0
0
0
0
0
0
0
0
0
0
0
0
0
0
0
0
0
0
0
0
0
0
0
65536
65536
0
0
65538
196608
131072
0
4
327680
262144
0
3
393216
458752
0
2
458752
393216
0
65540
458752
327680
0
65539
458752
393216
0
65539
393216
327680
0
131075
458752
262144
0
131076
458752
131072
0
196611
262144
262144
0
196612
262144
262144
0
65537
327680
262144
0
65537
196608
131072
0
131072
65536
65536
0
131072
131072
0
0
0
65536
0
0
0
0
0
0
0
0
0
0
0
0
0
0
0
0
0
0
0
0
0
0
0
0
0
0
0
0
0
65536
131072
65536
1
196608
65537
65536
131072
196608
0
262144
196608
0
3
327680
196608
0
131077
131072
196608
0
393221
131072
196608
0
458756
131072
65536
0
458755
65536
0
131072
524290
0
0
0
589828
0
65536
0
393221
0
262144
0
65540
65536
327680
0
4
131072
327680
0
131073
262144
131072
0
131072
196608
65536
0
131072
65536
65536
0
65536
65536
0
0
0
0
0
0
0
0
0
0
0
0
0
0
0
0
0
0
0
0
0
0
0
0
0
0
0
0
2
196608
131073
0
1
327680
1
131072
0
393216
0
196609
0
393216
262144
65537
0
393216
524288
65536
65536
393216
524288
1
65536
458752
524288
2
0
458752
655360
2
0
524288
655360
3
0
524288
786432
0
0
393216
589825
0
65536
65536
327684
0
262144
0
6
65536
327680
0
65539
131072
262144
0
262147
131072
65536
0
262144
131072
65537
0
131072
131072
0
0
0
0
0
0
0
0
0
0
0
0
0
0
0
0
0
0
0
0
0
0
0
0
0
0
0
0
2
196608
0
1
0
327680
131072
2
0
524288
196608
65539
0
524288
393216
2
0
655360
589824
2
0
589824
524288
4
0
458752
524288
6
0
458752
655360
6
0
589824
655360
7
0
786432
720896
5
0
720896
589824
3
0
524288
458752
3
196608
0
393220
0
327680
2
196611
0
262144
0
262146
0
131072
0
327681
65536
2
0
196608
65536
0
0
0
0
0
0
0
0
0
0
0
0
0
0
0
0
0
0
0
0
0
0
0
0
0
0
0
0
0
65536
0
131074
0
262144
0
5
0
458752
262144
3
0
589824
458752
4
0
589824
524288
6
0
524288
524288
6
0
458752
524288
7
0
458752
458752
7
1
589824
393216
7
1
786432
393216
6
0
720896
458752
3
0
589824
393216
5
131072
262144
458753
1
393216
2
262146
0
196608
0
393216
0
196608
0
327682
0
2
0
196608
65536
0
0
0
0
0
0
0
0
0
0
0
0
0
0
0
0
0
0
0
0
0
0
0
0
0
0
0
0
0
0
0
65537
0
65536
0
65539
0
196608
65536
4
0
393216
262144
4
0
458752
393216
5
0
458752
393216
5
0
458752
393216
3
0
327680
196608
3
0
196608
65536
4
0
327680
0
5
0
327680
262144
65539
0
458752
262144
196610
0
327680
393216
1
393216
1
393217
0
196608
0
524288
0
131072
0
458753
0
2
0
196608
0
0
0
0
0
0
0
0
0
0
0
0
0
0
0
0
0
0
0
0
0
0
0
0
0
0
0
0
0
0
0
0
0
0
0
0
65536
0
65536
0
65538
0
65536
65536
2
0
196608
65536
2
0
196608
131072
1
65536
196608
131072
1
0
65536
65536
1
0
65536
0
1
0
65536
0
131074
0
262144
65536
131076
0
327680
65536
327681
0
327680
262144
196608
393216
1
458752
0
196608
0
589824
0
131072
0
458752
0
2
0
196608
1
0
0
0
0
0
0
0
0
0
0
0
0
0
0
0
0
0
0
0
0
0
0
0
0
0
0
0
0
0
0
0
0
0
0
0
0
0
0
0
0
0
0
0
0
0
0
0
65536
0
0
0
65536
65536
1
1
65536
65536
0
0
65536
0
0
65536
65536
0
0
131072
131072
0
196608
0
262147
0
196608
0
393217
131072
262144
262144
262144
327680
1
524288
0
196608
0
589824
0
131072
0
458752
0
2
0
131072
1
0
0
0
0
0
0
0
0
0
0
0
0
0
0
0
0
0
0
0
0
0
0
0
0
0
0
0
0
0
0
0
65536
0
0
1
65536
65536
0
1
131072
65536
0
1
196608
65536
0
1
262144
131072
0
0
327680
262144
0
0
393216
196608
0
0
327680
131072
0
65536
262144
65536
0
196608
327680
131072
0
0
458752
65536
65536
131072
458753
327680
131072
393216
327680
196608
0
655360
0
131072
65536
655360
0
65537
0
458752
1
1
65536
65537
1
0
0
0
0
0
0
0
0
0
0
0
0
0
0
0
65536
0
0
1
65536
0
0
1
131072
65536
0
1
262144
131072
0
1
327680
131072
0
0
393216
196608
0
65536
524288
196608
0
65536
458752
262144
0
65537
524288
327680
0
1
524288
327680
0
1
458752
262144
0
1
458752
262144
0
65538
458752
196608
0
65537
393216
262144
0
0
589824
131072
0
131072
393216
327680
0
393216
65536
131072
0
655360
0
65536
0
655360
0
2
0
458752
1
1
131072
131072
3
0
0
0
0
0
0
0
0
0
0
0
0
0
0
1
131072
0
0
2
262144
65536
0
2
327680
196608
0
1
458752
327680
0
1
589824
327680
0
2
458752
458752
0
3
458752
327680
0
2
458752
393216
0
65539
458752
327680
0
65539
458752
327680
0
65540
458752
262144
0
131076
393216
327680
0
131076
393216
327680
0
2
524288
196608
0
131072
524288
131072
0
327680
393216
65536
0
458752
196608
65536
0
655360
0
262144
0
589825
0
65536
0
327680
0
131072
0
131072
1
65536
0
131072
65536
0
0
0
0
0
0
65537
65536
0
0
2
262144
131072
0
3
327680
327680
0
3
458752
458752
0
2
458752
458752
0
65538
393216
393216
0
196610
262144
196608
0
327681
196608
65536
0
327683
131072
0
0
262148
131072
0
0
196614
65536
65536
0
393222
65536
196608
0
458757
131072
262144
0
327684
131072
131072
0
327684
262144
0
0
458754
196608
0
0
524289
196608
0
0
589825
131072
131072
0
458753
0
327680
0
327680
0
393216
0
196608
131072
196608
0
65536
0
65536
0
131072
65536
65536
0
131072
131072
0
65536
131073
65536
65536
65536
2
196608
196608
65536
2
393216
327680
0
3
262144
327680
0
196612
327680
131072
0
327683
196608
131072
0
393219
131072
0
0
524290
0
0
0
589826
0
0
65536
655360
65538
0
196608
655360
131074
131072
196608
655360
65537
196608
196608
589824
0
196608
196608
589824
0
65536
327680
655360
1
0
458752
720896
2
0
458752
720896
1
0
393216
589825
0
131072
131072
393220
0
196608
0
131076
0
393216
1
3
65536
262144
0
196610
196608
65536
0
196608
131072
65537
0
131072
65536
0
262144
131073
0
65536
196608
1
262144
0
196608
0
327680
131072
0
196611
262144
0
0
458752
131072
65536
0
589824
131072
0
0
655360
2
0
0
655360
3
0
196608
655360
65539
65536
262144
524288
65538
196608
327680
524288
1
196608
327680
589824
0
131072
393216
655360
2
65536
393216
589824
2
0
393216
589824
4
0
458752
655360
5
0
720896
720896
5
0
720896
655360
3
0
589824
589824
0
131072
131072
393219
0
327680
2
5
0
131072
0
131075
0
131072
0
262146
131072
2
0
131072
65536
1
327680
65536
1
0
327680
131072
196609
0
589824
262144
131073
0
393216
458752
1
0
327680
524289
1
0
196608
524289
0
65536
131072
524288
0
262144
196608
393216
0
262144
393216
393216
0
196608
458752
393216
0
65536
524288
458752
1
0
458752
524288
2
0
393216
458752
3
0
327680
589824
5
0
393216
655360
7
1
524288
524288
7
1
786432
524288
7
0
786432
458752
5
0
786432
524288
4
0
589824
589824
1
65536
327682
393217
0
0
65536
327681
2
1
0
196612
0
2
0
65537
0
2
327680
0
3
0
327680
131072
3
0
655360
327680
2
0
589824
589824
2
0
720896
655360
3
0
655360
655360
2
0
524288
524289
0
65536
393216
393219
0
0
262144
262146
2
0
196608
262147
2
0
262144
458753
2
0
393216
655360
4
0
393216
655360
6
0
458752
589824
6
1
393216
393216
4
0
393216
196608
5
0
458752
65536
6
0
458752
262144
5
0
720896
524288
5
0
655360
458752
4
0
327680
458752
3
0
262144
524290
2
1
0
262144
3
0
131072
65537
2
0
131072
0
65539
0
262144
65536
5
0
524288
327680
4
0
589824
524288
4
0
655360
458752
6
0
589824
589824
5
0
589824
589824
6
0
524288
524288
6
0
458752
589824
7
0
458752
655360
8
0
524288
589824
7
0
524288
524288
7
0
458752
458752
5
1
458752
327680
3
65536
262144
196608
2
65536
131072
0
3
0
65536
0
65539
0
131072
0
65540
1
393216
131072
4
0
393216
327680
4
0
458752
524288
4
0
327682
393216
2
0
196608
196608
3
65536
131072
1
2
0
0
0
65538
0
131072
0
65540
0
327680
131072
4
0
458752
327680
4
0
589824
393216
6
0
524288
458752
7
0
589824
458752
7
0
524288
458752
7
0
524288
393216
7
0
524288
327680
6
0
524288
327680
4
65536
393216
196608
3
65536
262145
131072
2
65536
131072
65536
2
0
65536
0
1
0
0
0
0
0
0
0
0
0
0
0
1
0
65536
0
131075
0
131072
65536
4
1
262144
196608
0
65537
262145
196608
0
65536
131072
65536
3
0
65536
0
1
0
0
0
0
0
0
0
1
0
65536
0
65538
0
131072
0
65539
0
262144
131072
3
0
327680
196608
3
0
393216
196608
4
0
327680
196608
3
65537
262144
196608
1
0
196609
65536
2
0
65536
0
2
0
0
0
0
0
0
0
0
0
0
0
0
0
0
0
0
0
0
0
0
0
0
0
0
0
0
0
0
0
0
0
0
0
0
0
0
0
0
0
0
0
0
0
0
0
0
0
0
0
0
0
0
0
0
0
0
0
0
0
0
0
0
0
0
0
0
0
0
0
0
0
0
0
0
0
0
0
0
0
0
0
0
0
0
0
0
0
0
0
0
0
0
0
0
0
0
0
0
0
0
0
0
0
0
0
0
0
0
0
0
0
0
0
0
0
0
0
0
0
0
0
0
0
0
0
0
0
0
0
0
0
0
0
0
0
0
0
0
0
0
0
0
0
0
0
0
0
0
0
0
0
0
0
0
0
0
0
0
0
0
0
0
0
0
0
0
0
0
0
0
0
0
0
0
0
0
0
0
0
0
0
0
0
0
0
0
0
0
0
0
0
0
0
0
0
0
0
0
0
0
0
0
0
0
0
0
0
0
0
0
0
0
0
0
0
0
0
0
0
0
0
0
0
0
0
0
0
0
0
0
0
0
0
0
0
0
0
0
0
0
0
0
0
0